altitud.asc
ncols        546
nrows        687
xllcorner    -87.101894643212
yllcorner    5.494650557270
cellsize     0.008333333333
NODATA_value -32768
[rows 32 to 63 of 687, columns 144 to 215 of 546]
-32768 -32768 -32768 77 68 -32768 -32768 -32768 -32768 18 -32768 -32768 -32768 -32768 -32768 -32768 -32768 -32768 -32768 -32768 -32768 -32768 -32768 -32768 14 29 24 39 123 185 218 276 292 277 270 262 254 273 295 304 315 310 310 325 347 380 427 476 537 611 767 985 1149 1169 1105 979 897 746 638 576 518 482 489 483 474 455 436 435 451 455 454 321
-32768 -32768 -32768 -32768 -32768 28 68 131 115 118 32 -32768 -32768 -32768 -32768 30 30 27 27 30 -32768 -32768 -32768 -32768 19 11 30 41 60 93 115 201 285 278 270 265 257 293 329 317 308 314 317 323 323 356 419 481 525 607 782 995 1214 1371 1386 1188 1021 865 675 554 500 498 508 501 478 449 435 427 429 431 445 379
-32768 -32768 -32768 -32768 -32768 14 28 52 48 19 -32768 -32768 42 89 93 99 54 57 64 79 34 -32768 15 91 61 18 45 31 54 44 100 215 236 282 277 270 255 297 325 306 297 301 306 308 292 304 358 415 501 635 887 1034 1206 1286 1470 1186 1008 844 677 556 507 496 506 498 480 447 435 415 393 391 399 355
-32768 -32768 42 85 77 103 88 124 80 22 -32768 -32768 -32768 44 97 191 151 162 123 137 74 19 21 67 98 49 66 128 140 63 54 106 171 278 283 265 251 242 247 252 273 306 318 308 272 294 334 419 542 709 862 983 1030 1107 1240 1109 1008 860 713 560 504 480 482 479 474 446 422 413 382 355 346 306
33 126 255 288 192 302 194 267 181 112 44 43 -32768 6 19 56 118 183 154 196 131 51 49 125 140 42 30 48 56 76 102 100 99 213 278 261 247 233 221 207 251 300 313 285 332 340 357 450 535 652 795 905 945 1035 1140 1041 916 859 679 548 504 495 487 488 495 474 438 418 394 373 351 330
162 199 284 427 309 477 270 407 281 108 160 87 74 46 41 37 59 89 87 68 40 25 28 45 71 89 106 160 144 166 113 127 96 195 283 262 249 231 218 202 203 231 257 291 327 337 356 420 489 586 772 814 815 938 970 960 849 800 710 565 547 543 511 532 567 533 500 452 424 392 364 353
252 359 386 509 490 525 433 384 276 179 197 112 188 110 168 158 166 174 190 142 103 133 158 202 248 280 268 193 268 215 154 162 194 223 286 263 254 237 229 213 183 215 273 278 317 322 331 371 427 539 670 700 737 792 812 846 903 815 682 599 564 551 541 587 597 553 513 466 449 420 400 382
-32768 82 181 268 380 432 502 440 283 310 270 252 284 206 243 324 351 337 355 306 209 190 254 347 427 408 286 194 282 305 245 170 257 260 278 275 265 248 232 212 187 159 192 209 250 267 296 330 377 474 554 620 659 693 703 733 780 768 696 645 596 565 584 617 639 592 548 532 515 464 460 437
-32768 -32768 -32768 42 103 182 336 511 426 285 159 137 193 241 202 191 237 291 350 385 359 314 327 363 374 385 342 326 323 316 244 243 283 280 280 289 270 250 238 211 181 161 147 175 224 264 284 324 364 427 505 578 610 662 649 643 656 657 682 657 631 639 692 702 697 642 604 617 604 535 539 520
-32768 -32768 -32768 -32768 36 122 266 315 400 370 229 96 46 146 80 94 101 121 167 201 296 249 239 269 319 333 340 350 344 322 308 283 281 284 279 290 272 257 242 200 162 154 140 190 216 252 277 312 380 438 499 550 556 595 602 586 577 571 633 650 671 725 757 769 776 745 700 702 707 639 617 623
-32768 -32768 -32768 -32768 -32768 29 39 189 182 204 276 132 26 83 33 61 26 74 64 96 118 129 155 158 181 174 231 281 315 335 316 298 287 287 283 298 277 263 235 187 141 143 149 198 210 232 296 334 371 414 450 504 509 536 567 553 524 531 601 676 746 813 878 898 893 885 826 805 812 752 753 739
-32768 -32768 -32768 -32768 -32768 1 -32768 -32768 -32768 64 158 71 -32768 18 16 28 102 176 131 142 175 207 268 286 285 298 260 247 275 313 307 301 299 295 286 295 268 243 207 169 122 146 144 173 187 221 286 318 359 389 422 473 500 500 500 508 496 545 621 705 827 920 991 1036 1062 1043 1000 957 923 888 887 895
-32768 -32768 -32768 -32768 -32768 -32768 -32768 -32768 -32768 -32768 -32768 -32768 -32768 13 20 23 61 87 180 207 221 220 256 312 331 321 258 170 207 305 298 300 296 287 292 287 256 219 189 152 118 122 133 161 181 217 268 312 354 385 425 441 467 443 416 438 551 585 648 793 939 1069 1145 1163 1232 1233 1201 1125 1081 1044 1015 1024
-32768 -32768 -32768 -32768 -32768 -32768 -32768 -32768 -32768 -32768 -32768 -32768 -32768 65 65 50 33 86 66 85 101 170 238 277 306 300 159 115 262 297 268 292 294 292 295 266 259 225 177 136 108 107 134 159 182 210 255 294 342 374 392 389 402 380 399 568 624 669 739 841 1001 1151 1354 1374 1479 1468 1435 1364 1306 1282 1165 1151
-32768 -32768 -32768 -32768 -32768 -32768 -32768 -32768 -32768 -32768 -32768 -32768 158 129 217 191 104 164 165 136 134 162 179 232 248 244 180 72 207 251 220 287 285 288 281 262 246 211 165 123 104 101 114 164 190 206 234 284 316 332 342 335 338 390 469 595 656 677 752 828 967 1165 1430 1618 1714 1723 1717 1634 1561 1502 1329 1227
-32768 -32768 -32768 -32768 -32768 -32768 -32768 -32768 -32768 -32768 -32768 -32768 -32768 89 144 245 169 190 125 56 192 236 177 141 169 139 140 44 83 131 229 269 264 277 269 253 236 207 160 124 102 97 96 120 172 182 188 247 284 300 308 304 313 387 483 580 582 620 659 762 911 1065 1276 1489 1685 1545 1577 1670 1654 1594 1490 1375
-32768 -32768 -32768 -32768 -32768 -32768 -32768 -32768 -32768 -32768 -32768 -32768 -32768 -32768 -32768 144 149 35 -32768 -32768 -32768 74 42 74 60 116 67 25 108 95 218 183 244 250 258 243 237 225 175 132 104 96 97 101 118 144 154 174 235 262 267 289 342 354 418 453 527 563 624 710 842 1003 1168 1366 1490 1369 1392 1473 1636 1759 1660 1497
-32768 -32768 -32768 -32768 -32768 -32768 -32768 -32768 -32768 -32768 -32768 -32768 -32768 -32768 -32768 -32768 28 -32768 -32768 -32768 -32768 -32768 -32768 -32768 17 49 12 19 46 43 147 122 214 253 259 243 233 216 179 137 109 94 95 113 128 142 151 161 188 231 239 262 309 383 451 515 506 581 633 720 828 917 1098 1218 1337 1256 1254 1392 1579 1679 1619 1582
-32768 -32768 -32768 -32768 -32768 -32768 -32768 -32768 -32768 -32768 -32768 -32768 -32768 -32768 -32768 -32768 -32768 -32768 -32768 -32768 -32768 -32768 -32768 -32768 -32768 -32768 -32768 13 16 29 57 95 224 236 235 222 209 204 176 140 116 99 101 112 127 142 153 168 223 197 215 244 333 396 437 506 563 597 641 730 789 863 978 1064 1149 1152 1140 1344 1421 1442 1428 1470
-32768 -32768 -32768 -32768 -32768 -32768 -32768 -32768 -32768 -32768 -32768 -32768 -32768 -32768 -32768 -32768 -32768 -32768 -32768 -32768 -32768 -32768 -32768 -32768 -32768 -32768 -32768 6 27 168 182 194 221 220 214 203 198 193 176 153 126 98 99 103 113 126 142 170 219 241 206 261 333 333 330 431 507 525 578 616 705 777 840 888 924 993 1019 1171 1225 1203 1220 1271
-32768 -32768 -32768 -32768 -32768 -32768 -32768 -32768 -32768 -32768 -32768 -32768 -32768 -32768 -32768 -32768 -32768 -32768 -32768 -32768 -32768 -32768 -32768 -32768 -32768 -32768 -32768 -32768 23 124 153 187 216 207 198 195 197 191 178 148 124 104 96 91 99 108 120 160 194 218 224 291 354 309 308 349 393 448 511 571 660 701 720 764 785 831 879 989 1036 1041 1030 1140
-32768 -32768 -32768 -32768 -32768 -32768 -32768 -32768 -32768 -32768 -32768 -32768 -32768 -32768 -32768 -32768 -32768 -32768 -32768 -32768 -32768 -32768 -32768 -32768 -32768 -32768 -32768 -32768 -32768 12 52 103 172 195 189 189 186 180 166 137 116 96 88 84 88 94 102 124 148 179 196 252 339 304 319 354 389 468 516 555 597 613 646 699 701 749 763 851 938 926 904 971
-32768 -32768 -32768 -32768 -32768 -32768 -32768 -32768 -32768 -32768 -32768 -32768 -32768 -32768 -32768 -32768 -32768 -32768 -32768 -32768 -32768 -32768 -32768 -32768 -32768 -32768 -32768 -32768 -32768 61 130 166 193 182 185 184 184 175 151 130 102 86 83 83 85 89 93 105 127 162 191 264 305 333 393 447 397 510 658 541 522 551 575 612 648 682 712 790 821 800 805 822
-32768 -32768 -32768 -32768 -32768 -32768 -32768 -32768 -32768 -32768 -32768 -32768 -32768 -32768 -32768 -32768 -32768 -32768 -32768 -32768 -32768 -32768 -32768 -32768 -32768 -32768 -32768 -32768 -32768 175 222 206 191 182 190 197 184 137 103 95 93 79 78 78 81 85 88 99 114 120 169 256 307 354 470 520 417 426 491 527 545 514 546 571 608 634 664 702 712 736 755 774
-32768 -32768 -32768 -32768 -32768 -32768 -32768 -32768 -32768 -32768 -32768 -32768 -32768 -32768 -32768 -32768 -32768 -32768 -32768 -32768 -32768 -32768 -32768 -32768 -32768 -32768 -32768 -32768 65 227 232 212 193 192 205 185 136 106 113 121 101 80 80 75 77 80 83 89 100 102 136 229 298 350 416 462 438 442 461 505 503 486 514 548 588 616 610 618 659 695 723 747
-32768 -32768 -32768 -32768 -32768 -32768 -32768 -32768 -32768 -32768 -32768 -32768 -32768 -32768 -32768 -32768 -32768 -32768 -32768 -32768 -32768 -32768 -32768 -32768 -32768 -32768 -32768 -32768 75 230 228 215 196 193 201 163 131 160 153 130 102 84 82 77 72 76 77 80 86 97 117 185 252 303 325 348 375 363 387 419 448 473 482 514 538 549 559 581 605 635 643 654
-32768 -32768 -32768 -32768 -32768 -32768 -32768 -32768 -32768 -32768 -32768 -32768 -32768 -32768 -32768 -32768 -32768 -32768 -32768 -32768 -32768 -32768 -32768 -32768 -32768 -32768 -32768 -32768 -32768 233 219 216 197 181 165 147 158 161 147 131 113 95 89 84 74 73 74 76 80 89 101 128 181 222 273 297 316 329 343 373 403 409 431 457 483 506 522 553 582 604 594 594
-32768 -32768 -32768 -32768 -32768 -32768 -32768 -32768 -32768 -32768 -32768 -32768 -32768 -32768 -32768 -32768 -32768 -32768 -32768 -32768 -32768 -32768 -32768 -32768 -32768 -32768 -32768 -32768 -32768 225 211 212 195 179 163 152 154 154 146 138 126 107 98 93 75 72 74 81 81 90 101 116 152 206 246 262 285 299 328 343 359 366 395 424 442 451 493 520 561 561 572 575
-32768 -32768 -32768 -32768 -32768 -32768 -32768 -32768 -32768 -32768 -32768 -32768 -32768 -32768 -32768 -32768 -32768 -32768 -32768 -32768 -32768 -32768 -32768 -32768 -32768 -32768 -32768 -32768 -32768 88 183 198 189 175 165 157 161 153 151 141 129 102 99 93 72 80 82 100 93 94 102 117 158 186 216 237 257 277 295 314 339 358 376 385 415 462 475 513 501 514 536 542
-32768 -32768 -32768 -32768 -32768 -32768 -32768 -32768 -32768 -32768 -32768 -32768 -32768 -32768 -32768 -32768 -32768 -32768 -32768 -32768 -32768 -32768 -32768 -32768 -32768 -32768 -32768 -32768 -32768 45 166 166 175 175 165 159 162 157 148 140 128 105 105 96 91 91 93 89 93 106 120 135 159 166 191 213 248 262 275 294 310 332 335 367 410 445 482 481 462 472 499 523
-32768 -32768 -32768 -32768 -32768 -32768 -32768 -32768 -32768 -32768 -32768 -32768 -32768 -32768 -32768 -32768 -32768 -32768 -32768 -32768 -32768 -32768 -32768 -32768 -32768 -32768 -32768 -32768 -32768 77 154 121 158 159 159 159 161 154 144 135 125 112 107 86 104 89 80 91 98 107 120 132 146 156 184 208 236 250 256 276 285 315 358 369 408 435 441 441 442 458 478 492
-32768 -32768 -32768 -32768 -32768 -32768 -32768 -32768 -32768 -32768 -32768 -32768 -32768 -32768 -32768 -32768 -32768 -32768 -32768 -32768 -32768 -32768 -32768 -32768 -32768 -32768 -32768 -32768 -32768 41 138 111 146 151 164 166 160 153 144 143 129 120 104 101 89 72 80 92 103 111 120 120 143 172 206 228 253 248 280 271 317 334 342 373 390 412 401 423 438 427 443 458
