altitud.asc
ncols        546
nrows        687
xllcorner    -87.101894643212
yllcorner    5.494650557270
cellsize     0.008333333333
NODATA_value -32768
[rows 128 to 159 of 687, columns 216 to 287 of 546]
17 31 32 23 19 11 10 -32768 -32768 -32768 -32768 -32768 -32768 -32768 -32768 -32768 -32768 -32768 -32768 -32768 -32768 -32768 -32768 -32768 -32768 -32768 -32768 -32768 9 11 14 42 54 66 95 78 58 72 50 73 149 213 158 115 91 115 133 212 237 238 203 193 203 218 230 263 256 260 321 300 241 316 375 389 526 448 453 638 763 881 1061 1254
11 11 10 10 -32768 11 13 -32768 -32768 -32768 -32768 -32768 -32768 -32768 -32768 -32768 -32768 -32768 -32768 -32768 -32768 -32768 -32768 -32768 -32768 -32768 -32768 5 11 6 -32768 23 60 38 47 30 36 64 57 81 147 170 149 153 93 96 115 112 148 199 201 151 184 185 191 202 188 222 274 243 243 383 451 360 473 368 512 702 696 786 956 1063
11 13 13 9 10 10 10 -32768 -32768 -32768 -32768 -32768 -32768 -32768 -32768 -32768 -32768 -32768 -32768 -32768 -32768 -32768 -32768 -32768 -32768 -32768 -32768 -32768 -32768 -32768 -32768 -32768 -32768 19 16 28 56 81 87 139 125 127 104 100 77 95 108 88 141 178 137 121 135 143 150 157 169 203 217 183 250 316 296 299 313 317 464 522 613 737 860 1035
17 12 10 10 11 10 11 -32768 -32768 -32768 -32768 -32768 -32768 -32768 72 46 52 19 11 -32768 -32768 -32768 -32768 -32768 -32768 -32768 -32768 -32768 -32768 -32768 -32768 -32768 -32768 -32768 32 84 247 280 217 164 117 104 80 68 58 79 72 74 133 150 120 102 108 137 158 140 172 199 184 232 256 246 224 215 214 249 370 507 662 636 839 993
29 19 19 14 10 11 8 -32768 -32768 -32768 -32768 -32768 7 13 42 34 10 6 7 17 26 -32768 -32768 -32768 -32768 -32768 -32768 -32768 -32768 -32768 -32768 -32768 -32768 -32768 -32768 75 204 242 178 147 100 113 131 96 69 57 46 75 102 107 102 93 129 145 135 115 156 174 169 189 188 171 196 175 222 282 360 495 551 551 713 764
77 51 30 18 9 10 8 4 -32768 -32768 -32768 -32768 -32768 13 52 52 15 7 8 -32768 9 -32768 9 -32768 -32768 -32768 -32768 -32768 -32768 -32768 -32768 -32768 -32768 -32768 -32768 -32768 57 143 212 143 60 113 132 102 142 80 48 67 78 89 80 82 108 103 117 108 160 155 147 156 142 160 171 172 193 266 407 422 405 505 618 705
184 78 41 25 13 9 8 6 -32768 -32768 -32768 -32768 -32768 6 90 123 43 10 9 13 12 -32768 -32768 -32768 8 -32768 -32768 -32768 -32768 -32768 -32768 -32768 -32768 -32768 -32768 -32768 -32768 -32768 36 69 63 30 35 51 61 41 37 52 52 60 60 66 73 78 78 107 117 136 104 111 125 153 158 122 187 265 339 299 355 450 518 560
393 183 65 28 16 12 10 9 8 5 -32768 -32768 -32768 -32768 31 101 91 55 50 52 43 49 50 57 -32768 -32768 -32768 -32768 -32768 -32768 -32768 -32768 -32768 -32768 -32768 -32768 -32768 -32768 -32768 -32768 6 10 24 34 31 32 92 45 24 37 50 51 63 58 56 71 102 106 75 90 110 117 135 108 183 280 254 269 307 327 377 452
272 212 81 28 15 11 12 10 11 9 8 9 5 -32768 -32768 10 34 58 94 93 31 41 -32768 -32768 -32768 -32768 -32768 -32768 -32768 -32768 -32768 -32768 -32768 -32768 -32768 -32768 -32768 -32768 -32768 -32768 -32768 6 8 16 26 26 90 70 10 32 37 42 44 40 44 53 82 82 62 74 82 83 111 84 153 190 199 226 258 253 276 382
149 106 46 31 15 15 26 10 12 10 12 16 9 -32768 -32768 -32768 -32768 -32768 -32768 -32768 -32768 -32768 -32768 -32768 -32768 -32768 -32768 -32768 -32768 -32768 -32768 -32768 -32768 -32768 -32768 -32768 -32768 -32768 -32768 -32768 -32768 6 9 18 18 13 11 44 12 19 27 21 20 25 23 50 56 62 51 64 70 55 71 70 101 122 165 205 210 191 236 342
55 39 28 38 24 20 32 11 13 8 17 21 14 8 -32768 -32768 -32768 -32768 -32768 -32768 -32768 -32768 -32768 -32768 -32768 -32768 -32768 -32768 -32768 -32768 -32768 -32768 -32768 -32768 -32768 -32768 -32768 -32768 -32768 -32768 -32768 8 5 12 12 9 7 8 7 15 17 15 14 12 14 28 34 35 37 45 65 63 35 54 66 98 181 226 168 163 238 260
99 47 33 24 22 18 39 43 88 35 22 18 15 13 -32768 -32768 -32768 -32768 -32768 -32768 -32768 -32768 -32768 -32768 -32768 -32768 -32768 -32768 -32768 -32768 -32768 -32768 -32768 -32768 -32768 -32768 -32768 -32768 -32768 -32768 -32768 -32768 -32768 6 6 6 7 8 10 12 11 11 11 11 14 17 20 24 26 30 44 50 19 35 45 81 142 185 139 137 169 182
178 64 51 29 25 25 22 20 21 34 67 73 13 -32768 9 13 27 29 -32768 -32768 -32768 -32768 -32768 -32768 -32768 -32768 -32768 -32768 -32768 -32768 -32768 -32768 -32768 -32768 -32768 -32768 -32768 -32768 -32768 -32768 -32768 -32768 -32768 -32768 6 8 7 9 10 9 8 9 11 9 11 13 19 17 18 19 27 30 15 22 30 40 72 119 111 106 122 135
172 147 102 70 47 36 31 26 19 17 18 22 12 8 -32768 11 24 37 -32768 -32768 -32768 -32768 -32768 -32768 -32768 -32768 -32768 -32768 -32768 -32768 -32768 -32768 -32768 -32768 -32768 -32768 -32768 -32768 -32768 -32768 -32768 -32768 -32768 -32768 -32768 -32768 5 7 8 9 6 7 8 7 9 11 15 12 14 14 15 12 15 18 19 31 65 97 84 75 95 121
321 288 156 87 58 44 37 31 25 19 13 11 10 11 8 6 -32768 -32768 -32768 -32768 -32768 -32768 -32768 -32768 -32768 -32768 -32768 -32768 -32768 -32768 -32768 -32768 -32768 -32768 -32768 -32768 -32768 -32768 -32768 -32768 -32768 -32768 -32768 -32768 -32768 -32768 -32768 -32768 14 8 6 6 5 6 5 7 10 11 11 10 8 11 9 12 12 17 35 64 54 94 222 260
560 432 186 85 65 52 45 37 31 21 17 12 9 10 9 8 -32768 -32768 -32768 -32768 -32768 -32768 -32768 -32768 -32768 -32768 -32768 -32768 -32768 -32768 -32768 -32768 -32768 -32768 -32768 -32768 -32768 -32768 -32768 -32768 -32768 -32768 -32768 -32768 -32768 -32768 -32768 -32768 5 14 12 9 15 10 5 7 9 9 10 8 7 10 9 9 9 8 17 24 22 67 213 335
541 382 165 116 133 64 119 74 65 45 29 19 13 9 11 12 8 -32768 -32768 -32768 -32768 -32768 -32768 -32768 -32768 -32768 -32768 -32768 -32768 -32768 -32768 -32768 -32768 -32768 -32768 -32768 -32768 -32768 -32768 -32768 -32768 -32768 -32768 -32768 -32768 -32768 -32768 -32768 -32768 -32768 12 15 16 15 6 5 7 6 5 5 6 7 9 6 5 7 8 12 25 59 129 198
302 200 186 239 194 82 128 235 254 113 45 28 19 12 12 13 12 8 -32768 -32768 -32768 -32768 -32768 -32768 -32768 -32768 -32768 -32768 -32768 -32768 12 -32768 -32768 -32768 -32768 -32768 -32768 -32768 -32768 -32768 -32768 -32768 -32768 -32768 -32768 -32768 -32768 -32768 -32768 -32768 -32768 -32768 9 14 13 9 8 6 10 13 16 8 7 11 6 7 11 11 16 36 87 155
425 418 396 244 126 92 147 305 308 135 57 39 25 16 13 12 13 11 9 -32768 -32768 -32768 -32768 -32768 -32768 -32768 -32768 -32768 -32768 -32768 -32768 -32768 -32768 -32768 -32768 -32768 -32768 -32768 -32768 -32768 -32768 -32768 -32768 -32768 -32768 -32768 -32768 -32768 -32768 -32768 -32768 -32768 -32768 -32768 9 13 13 15 16 14 15 13 8 10 8 4 7 8 16 25 58 85
337 494 482 281 163 131 299 327 261 199 89 108 67 44 18 18 18 15 10 6 7 5 -32768 -32768 -32768 -32768 5 46 58 42 -32768 -32768 -32768 -32768 -32768 -32768 -32768 50 68 25 -32768 -32768 -32768 -32768 -32768 -32768 -32768 -32768 -32768 -32768 -32768 -32768 -32768 -32768 -32768 -32768 -32768 13 11 9 12 11 7 7 7 6 4 8 16 21 30 58
378 553 510 368 308 300 402 277 115 100 136 72 52 29 26 26 25 24 16 14 9 7 -32768 -32768 -32768 -32768 -32768 -32768 -32768 -32768 -32768 -32768 -32768 -32768 -32768 -32768 -32768 -32768 -32768 -32768 -32768 -32768 -32768 -32768 -32768 -32768 -32768 -32768 -32768 -32768 -32768 -32768 -32768 -32768 -32768 5 5 3 -32768 -32768 -32768 -32768 -32768 4 6 6 7 11 14 18 25 54
336 457 553 531 458 475 383 219 99 77 69 49 45 38 60 52 48 108 50 55 26 8 7 5 4 5 -32768 -32768 4 5 -32768 -32768 -32768 -32768 -32768 -32768 -32768 -32768 -32768 -32768 -32768 -32768 -32768 -32768 -32768 -32768 -32768 -32768 -32768 -32768 -32768 -32768 -32768 -32768 -32768 -32768 -32768 -32768 -32768 -32768 -32768 -32768 -32768 -32768 -32768 -32768 -32768 8 10 16 45 44
327 433 559 645 481 423 341 212 130 86 81 77 50 144 177 68 132 174 128 45 28 15 12 16 35 15 14 41 41 19 14 5 -32768 -32768 -32768 -32768 -32768 -32768 -32768 -32768 -32768 -32768 -32768 -32768 -32768 -32768 -32768 -32768 -32768 -32768 -32768 -32768 -32768 -32768 -32768 -32768 -32768 -32768 -32768 -32768 -32768 -32768 -32768 -32768 -32768 -32768 -32768 5 8 40 74 120
580 702 826 837 485 265 183 163 149 146 221 145 59 90 251 223 242 121 59 54 66 65 42 70 123 82 165 264 219 97 46 12 10 -32768 -32768 -32768 -32768 -32768 -32768 -32768 -32768 -32768 -32768 -32768 -32768 -32768 -32768 -32768 -32768 -32768 -32768 -32768 -32768 -32768 -32768 -32768 -32768 -32768 -32768 -32768 -32768 -32768 -32768 -32768 -32768 -32768 -32768 30 33 21 12 58
621 644 794 812 536 345 343 405 383 410 314 105 110 89 208 242 275 190 130 120 183 193 129 155 206 264 263 367 441 316 129 28 15 7 -32768 -32768 -32768 -32768 -32768 -32768 -32768 -32768 -32768 -32768 -32768 -32768 -32768 14 -32768 -32768 -32768 -32768 -32768 -32768 -32768 -32768 -32768 -32768 -32768 -32768 -32768 -32768 -32768 -32768 -32768 -32768 -32768 -32768 59 60 52 129
571 664 660 592 665 664 616 506 465 410 220 259 267 197 195 270 298 314 303 258 216 185 156 112 137 168 218 316 418 342 162 54 111 38 14 5 4 5 12 26 22 15 -32768 -32768 -32768 -32768 57 64 41 -32768 -32768 -32768 -32768 -32768 -32768 -32768 -32768 -32768 -32768 -32768 -32768 -32768 -32768 -32768 -32768 -32768 -32768 -32768 -32768 89 138 96
538 566 497 526 619 518 391 371 475 455 381 253 176 131 157 295 326 380 372 332 176 186 169 109 127 273 324 343 285 149 146 75 240 166 52 21 18 21 56 84 60 59 50 24 -32768 -32768 -32768 -32768 -32768 -32768 -32768 -32768 -32768 -32768 -32768 -32768 -32768 -32768 -32768 -32768 -32768 -32768 -32768 -32768 -32768 -32768 -32768 -32768 -32768 -32768 36 13
599 477 399 371 386 378 215 207 389 467 295 171 132 108 95 144 237 369 247 248 152 113 155 97 133 231 298 320 193 180 70 126 311 221 79 40 36 52 61 165 158 152 157 104 55 22 -32768 -32768 -32768 -32768 -32768 -32768 -32768 -32768 -32768 -32768 -32768 -32768 -32768 -32768 -32768 -32768 -32768 -32768 -32768 -32768 -32768 -32768 -32768 -32768 -32768 21
698 501 425 406 317 220 216 147 194 307 186 165 272 155 86 191 294 272 157 226 140 80 93 123 319 376 465 468 314 159 75 60 157 216 144 94 58 85 150 233 217 176 164 135 68 25 -32768 -32768 -32768 -32768 -32768 -32768 -32768 -32768 -32768 -32768 -32768 -32768 -32768 -32768 -32768 -32768 -32768 -32768 -32768 -32768 -32768 -32768 -32768 -32768 34 127
618 566 544 527 420 219 230 147 104 106 120 123 324 200 104 206 260 184 164 176 194 78 118 238 297 373 465 422 242 123 105 80 99 137 102 87 109 194 271 238 203 150 118 69 88 52 -32768 -32768 -32768 -32768 -32768 -32768 -32768 -32768 -32768 -32768 -32768 -32768 -32768 -32768 -32768 -32768 -32768 -32768 -32768 -32768 -32768 -32768 -32768 65 125 155
534 621 517 402 341 372 460 255 176 83 74 103 212 194 183 82 171 121 164 182 173 77 110 174 140 211 249 268 308 239 145 120 169 139 192 181 257 368 308 220 149 77 49 61 -32768 -32768 -32768 -32768 -32768 -32768 -32768 -32768 -32768 -32768 -32768 -32768 -32768 -32768 -32768 -32768 -32768 -32768 -32768 -32768 -32768 -32768 -32768 -32768 47 72 104 130
446 727 589 563 523 332 312 283 292 112 64 76 148 118 97 71 81 95 86 139 141 72 80 110 137 136 204 271 306 336 202 231 207 211 291 378 505 570 422 317 287 185 42 8 -32768 -32768 -32768 -32768 -32768 -32768 -32768 -32768 -32768 -32768 -32768 -32768 -32768 -32768 -32768 -32768 -32768 -32768 -32768 -32768 -32768 -32768 -32768 -32768 -32768 69 107 85
