altitud.asc
ncols        546
nrows        687
xllcorner    -87.101894643212
yllcorner    5.494650557270
cellsize     0.008333333333
NODATA_value -32768
[rows 256 to 287 of 687, columns 432 to 503 of 546]
392 338 337 406 332 307 320 302 248 272 355 485 529 458 371 319 259 253 235 252 266 270 257 249 255 275 199 259 298 258 253 386 336 436 454 351 262 352 417 527 576 640 702 767 753 740 758 831 904 990 1063 1151 1106 1124 1360 1519 1700 1620 1611 1858 1995 2072 2215 2241 2400 2489 2632 2720 2830 2913 3009 3026
428 355 361 368 473 430 366 475 371 310 373 481 578 537 478 371 421 409 376 412 445 447 414 370 362 338 287 199 277 196 246 313 310 378 401 359 232 288 383 454 536 603 643 690 728 645 693 769 843 924 984 986 982 1155 1301 1488 1568 1487 1554 1768 1798 1899 2158 2109 2248 2431 2442 2592 2775 2864 2902 2758
540 446 395 438 405 369 519 549 525 446 415 452 579 574 456 433 476 408 435 575 604 586 463 447 451 415 345 248 186 173 158 194 238 341 374 337 269 234 308 388 465 516 566 600 581 558 658 747 806 861 883 888 998 1098 1238 1333 1345 1333 1459 1558 1720 1948 2000 1985 2106 2287 2408 2749 2703 2700 2729 2617
626 580 466 455 380 334 467 607 603 543 546 553 664 585 580 560 540 510 520 585 660 576 434 518 549 479 435 355 275 196 144 118 162 295 332 323 279 204 246 353 342 431 505 508 472 581 678 727 750 799 791 884 915 966 1092 1191 1179 1306 1502 1677 1840 2022 1855 1791 1893 2117 2331 2540 2553 2378 2414 2488
777 682 587 466 369 342 364 383 394 447 525 668 696 668 722 729 710 671 630 563 514 476 457 556 632 522 529 451 336 239 167 113 147 224 259 316 269 211 234 301 310 426 437 393 495 563 605 683 732 745 737 803 835 923 1004 1069 1237 1435 1598 1817 1852 1888 1729 1633 1802 1935 2175 2385 2551 2261 2188 2213
841 670 574 506 411 418 447 443 378 503 535 561 578 555 636 717 644 613 576 542 587 513 498 552 635 592 601 532 426 302 191 127 181 174 164 197 278 190 228 225 291 327 313 392 438 525 617 662 696 662 702 748 816 884 949 1044 1189 1388 1614 1702 1667 1705 1541 1559 1802 1963 2113 2237 2227 2087 2027 2068
850 772 677 573 434 546 603 556 482 417 447 460 489 555 640 689 645 583 578 604 629 545 605 648 657 564 527 517 438 361 249 145 121 114 135 158 184 149 185 195 243 246 298 323 380 479 581 636 624 644 686 727 770 852 916 950 1103 1231 1336 1403 1486 1602 1472 1582 1787 1767 1900 1963 1991 1902 1861 1927
787 872 817 678 626 615 736 642 538 483 513 597 691 733 728 758 729 651 628 632 664 626 584 596 561 495 419 410 370 371 282 167 139 105 118 145 147 133 157 178 202 210 241 255 322 441 562 599 552 619 654 686 773 819 829 877 1006 1058 1144 1177 1293 1360 1325 1461 1556 1565 1668 1746 1910 1753 1745 1871
446 731 816 726 718 651 763 797 745 703 646 689 690 779 761 756 725 668 604 578 647 659 449 393 511 489 386 309 297 273 265 210 153 114 115 142 120 139 165 161 156 192 213 275 301 378 510 525 518 556 625 685 727 754 765 768 841 935 1008 1112 1168 1169 1279 1468 1470 1409 1480 1683 1798 1653 1677 1858
387 412 630 740 780 711 740 864 894 812 798 812 732 753 811 780 734 705 657 612 563 573 439 292 304 419 383 248 240 271 230 203 141 116 133 117 118 133 137 132 150 163 186 207 242 322 449 436 490 549 626 664 681 690 696 744 807 867 933 979 1034 1164 1332 1480 1461 1304 1393 1554 1606 1528 1622 1763
285 307 541 671 807 872 881 861 830 684 649 771 783 761 784 871 893 891 769 721 597 496 437 329 234 269 300 314 232 219 242 113 89 103 130 189 167 136 124 130 176 178 168 196 271 342 355 377 439 508 555 572 588 652 709 757 807 860 875 948 1017 1067 1136 1232 1324 1245 1287 1441 1422 1417 1533 1616
167 253 292 414 579 746 768 900 749 628 545 793 932 896 901 862 938 988 928 713 537 390 305 311 338 224 155 180 164 213 219 176 89 110 111 140 229 222 175 156 194 211 195 207 259 304 316 356 396 426 462 515 590 670 723 757 791 823 825 920 945 979 1002 1055 1132 1159 1230 1371 1294 1340 1464 1466
93 104 146 197 240 381 389 529 527 315 356 700 727 782 877 882 945 886 854 774 492 399 297 245 225 279 221 77 96 100 118 180 130 243 190 148 198 278 269 214 180 217 235 208 241 283 352 383 366 445 481 546 524 582 646 710 767 749 835 877 869 896 898 933 985 1076 1143 1187 1215 1288 1351 1324
68 57 51 63 71 95 145 230 162 170 266 432 380 526 631 678 780 698 594 571 397 289 230 110 174 134 115 129 193 282 250 192 259 389 313 332 259 208 324 310 272 273 282 269 237 247 340 321 361 392 391 417 455 466 534 587 651 672 760 771 779 790 837 932 1006 1062 1067 1140 1192 1237 1221 1269
21 23 19 17 20 26 27 31 86 87 81 84 99 258 340 346 467 562 461 419 354 128 104 105 322 354 184 135 283 420 477 478 480 553 448 548 455 237 213 317 362 331 333 362 318 289 269 276 298 323 331 360 400 431 467 491 531 584 621 649 661 685 764 860 928 962 1034 1110 1152 1189 1133 1237
8 12 13 17 28 59 40 49 146 240 316 229 142 92 71 71 123 300 481 359 182 80 159 142 277 456 320 167 182 231 305 424 554 649 623 621 513 405 265 211 242 245 299 324 345 319 318 309 302 314 321 367 455 494 525 521 557 606 666 739 824 826 819 757 840 952 999 1039 1085 1106 1055 1145
17 18 18 21 24 41 107 112 188 252 273 288 325 264 272 224 151 77 161 136 132 326 438 331 340 504 492 396 270 231 225 301 420 517 628 730 729 608 403 313 325 370 375 314 431 395 351 370 357 408 377 328 361 411 500 514 501 547 664 797 838 874 899 912 895 901 918 935 953 988 1079 1131
16 15 11 22 21 17 69 96 115 163 143 133 227 353 408 353 318 212 189 197 121 189 360 503 461 568 639 471 304 288 321 232 310 406 573 788 832 838 657 615 478 542 426 343 526 552 432 387 440 465 435 420 358 416 495 457 490 554 608 784 838 875 908 939 966 992 1012 1038 1077 1104 1127 1136
12 8 9 11 18 16 16 34 75 78 62 66 159 205 320 395 348 346 374 446 331 211 302 371 625 641 687 605 389 401 394 293 396 455 560 750 705 768 914 880 702 625 516 396 517 684 596 490 446 472 507 507 412 381 393 420 509 585 649 787 819 854 853 876 925 967 1001 1031 1059 1089 1088 1098
9 8 8 6 14 10 14 14 26 26 23 48 91 118 182 224 309 410 463 571 488 404 394 499 518 469 446 423 391 596 531 353 310 444 577 731 658 682 816 1032 876 797 764 585 481 720 786 684 551 516 531 521 422 439 447 413 456 560 633 678 728 783 854 896 917 935 972 991 1016 1048 1076 1108
8 8 8 9 12 15 14 12 13 18 28 69 109 127 126 132 197 212 350 508 600 499 485 618 496 540 479 571 448 574 660 445 390 352 478 619 575 658 753 924 1102 1012 812 604 455 648 707 741 750 662 516 452 444 489 476 426 520 552 674 744 769 805 842 876 901 933 962 987 1015 1043 1063 1099
8 9 9 12 17 13 11 6 6 12 15 44 80 67 68 83 133 136 265 365 494 591 615 682 544 615 543 608 603 533 741 648 600 421 371 497 574 671 768 923 1159 1138 905 629 464 674 840 805 748 701 680 569 507 508 470 430 510 565 553 576 647 740 826 861 894 932 959 985 1009 1030 1051 1074
8 9 9 12 12 5 5 5 3 3 5 18 47 38 35 70 74 136 182 247 330 478 650 746 673 644 624 661 742 528 776 899 699 477 528 482 574 732 859 976 1081 1084 898 717 521 596 735 880 847 803 772 692 631 544 509 476 478 523 556 653 636 678 822 844 867 892 913 942 974 1001 1029 1058
10 6 10 16 13 7 3 4 3 2 4 7 11 12 17 36 49 77 119 104 199 299 470 593 637 718 542 659 744 575 669 946 708 630 664 536 625 673 786 933 995 1052 972 826 677 498 609 714 801 822 822 810 721 633 616 544 506 678 700 752 621 680 799 839 872 889 905 919 943 977 1004 1009
11 6 5 13 10 3 3 4 4 3 4 6 12 9 10 24 30 36 90 52 56 168 242 364 428 568 488 695 612 633 790 802 635 900 851 605 617 734 786 826 991 1052 1020 874 699 555 517 541 646 699 761 822 801 716 664 572 544 595 676 708 732 651 697 764 835 860 890 909 935 945 961 994
15 13 5 9 7 4 5 7 4 3 4 8 7 14 12 11 14 23 25 42 73 72 113 203 319 325 491 576 565 608 827 808 634 843 975 852 665 685 805 928 1025 1117 1173 974 797 715 643 544 557 616 660 697 780 787 720 624 635 638 719 766 800 757 790 812 748 796 816 880 913 947 965 975
24 12 14 8 4 4 4 4 3 3 3 5 5 6 10 5 9 13 15 38 100 109 65 98 139 256 459 583 636 656 800 708 709 732 884 1079 1013 889 781 803 982 1092 1113 1116 958 902 744 596 676 644 647 718 753 828 756 685 717 694 785 783 780 763 769 857 887 848 872 903 916 920 949 974
16 12 30 16 21 7 6 1 2 4 7 7 7 5 6 5 4 8 12 33 24 69 100 78 131 173 299 410 482 526 725 778 837 871 873 1028 1292 1239 1109 1030 984 1062 1159 1026 900 781 672 604 758 785 716 701 714 783 802 736 779 763 846 815 807 802 803 859 904 833 840 858 880 913 938 959
37 34 68 52 80 25 9 4 2 4 8 8 8 8 8 6 6 4 4 8 10 28 38 60 69 98 220 218 310 370 636 796 807 874 1096 1152 1349 1482 1324 1240 1130 1088 1167 1057 943 839 716 661 619 772 694 654 659 696 794 832 895 881 872 869 859 865 866 901 923 901 860 888 910 919 934 960
85 90 95 71 28 10 6 6 3 3 8 6 8 9 11 7 6 11 7 5 10 16 22 32 34 64 141 142 161 248 357 598 594 626 813 1072 1336 1470 1440 1255 1215 1234 1129 1090 1042 942 882 793 612 625 634 632 691 712 732 777 831 866 914 931 881 925 965 962 964 971 964 908 910 930 940 959
129 105 41 19 6 3 8 6 24 25 5 4 8 10 12 12 13 12 6 3 10 14 15 17 24 42 57 140 222 246 333 504 444 469 608 824 944 1121 1373 1338 1333 1260 1283 1256 1119 1037 874 749 691 690 666 744 708 720 731 750 752 771 833 919 921 914 934 952 977 992 1003 982 938 921 937 945
198 117 113 57 25 4 6 11 35 11 3 3 8 20 17 16 16 11 8 6 14 11 10 12 18 40 60 147 233 349 306 326 315 389 536 692 820 906 1325 1508 1451 1381 1464 1423 1285 1094 960 825 713 823 859 849 896 879 885 810 822 800 798 844 889 967 968 986 1054 1048 994 977 959 931 918 922
