altitud.asc
ncols        546
nrows        687
xllcorner    -87.101894643212
yllcorner    5.494650557270
cellsize     0.008333333333
NODATA_value -32768
[rows 128 to 159 of 687, columns 432 to 503 of 546]
36 32 28 24 20 19 17 16 17 25 23 18 12 13 12 12 10 9 7 9 7 8 19 7 4 7 14 11 10 12 15 16 10 6 -32768 -32768 -32768 -32768 -32768 -32768 -32768 -32768 -32768 -32768 -32768 -32768 -32768 -32768 -32768 -32768 -32768 -32768 -32768 -32768 -32768 -32768 -32768 -32768 -32768 -32768 -32768 -32768 -32768 -32768 -32768 -32768 -32768 -32768 -32768 -32768 -32768 -32768
43 36 30 24 22 20 19 18 18 26 23 15 16 13 15 18 12 10 8 8 8 11 7 6 7 6 7 10 8 16 9 13 13 8 6 -32768 -32768 -32768 -32768 -32768 -32768 -32768 -32768 -32768 -32768 -32768 -32768 -32768 -32768 -32768 -32768 -32768 -32768 -32768 -32768 -32768 -32768 -32768 -32768 -32768 -32768 -32768 -32768 -32768 -32768 -32768 -32768 -32768 -32768 -32768 -32768 -32768
46 39 32 26 24 21 19 19 18 25 21 20 15 12 13 15 12 9 9 9 9 8 8 6 6 12 6 5 5 9 9 4 7 7 9 7 -32768 -32768 -32768 -32768 -32768 -32768 -32768 -32768 -32768 -32768 -32768 -32768 -32768 -32768 -32768 -32768 -32768 -32768 -32768 -32768 -32768 -32768 -32768 -32768 -32768 -32768 -32768 -32768 -32768 -32768 -32768 -32768 -32768 -32768 -32768 -32768
47 40 33 29 26 24 22 19 23 23 28 24 17 14 12 11 13 12 11 9 11 11 9 8 7 10 13 8 1 3 4 5 5 5 5 6 5 -32768 -32768 -32768 -32768 -32768 -32768 -32768 -32768 -32768 -32768 -32768 -32768 -32768 -32768 -32768 -32768 -32768 -32768 -32768 -32768 -32768 -32768 -32768 -32768 -32768 -32768 -32768 -32768 -32768 -32768 -32768 -32768 -32768 -32768 -32768
47 40 35 33 28 25 22 22 25 27 32 27 18 17 18 16 14 13 11 10 11 12 12 10 11 15 17 12 4 5 6 7 4 7 5 5 -32768 2 -32768 -32768 -32768 -32768 -32768 -32768 -32768 -32768 -32768 -32768 -32768 -32768 -32768 -32768 -32768 -32768 -32768 -32768 -32768 -32768 -32768 -32768 -32768 -32768 -32768 -32768 -32768 -32768 -32768 -32768 -32768 -32768 -32768 -32768
49 45 42 54 43 33 28 34 44 52 53 58 43 25 20 16 13 14 12 11 13 13 11 10 12 9 7 7 6 7 7 5 4 4 3 7 12 7 -32768 -32768 -32768 -32768 -32768 -32768 -32768 -32768 -32768 -32768 -32768 -32768 -32768 -32768 -32768 -32768 -32768 -32768 -32768 -32768 -32768 -32768 -32768 -32768 -32768 -32768 -32768 -32768 -32768 -32768 -32768 -32768 -32768 -32768
57 57 98 123 165 170 154 137 107 78 63 59 44 39 27 20 15 15 14 14 15 13 10 9 10 8 7 6 7 8 8 5 3 2 4 13 13 4 6 -32768 -32768 -32768 -32768 -32768 -32768 -32768 -32768 -32768 -32768 -32768 -32768 -32768 -32768 -32768 -32768 -32768 -32768 -32768 -32768 -32768 -32768 -32768 -32768 -32768 -32768 -32768 -32768 -32768 -32768 -32768 -32768 -32768
119 123 262 244 234 286 291 243 178 129 91 77 64 47 29 21 17 16 15 16 15 13 11 10 10 10 9 8 9 8 7 6 4 4 4 9 9 8 4 5 -32768 -32768 -32768 -32768 -32768 -32768 -32768 -32768 -32768 -32768 -32768 -32768 -32768 -32768 -32768 -32768 -32768 -32768 -32768 -32768 -32768 -32768 -32768 -32768 -32768 -32768 -32768 -32768 -32768 -32768 -32768 -32768
122 220 338 318 325 329 260 212 213 177 123 95 84 61 36 24 19 19 17 15 15 14 15 15 11 10 10 9 8 7 6 6 5 4 4 6 5 8 7 6 -32768 -32768 -32768 -32768 -32768 -32768 -32768 -32768 -32768 -32768 -32768 -32768 -32768 -32768 -32768 -32768 -32768 -32768 -32768 -32768 -32768 -32768 -32768 -32768 -32768 -32768 -32768 -32768 -32768 -32768 -32768 -32768
189 287 360 390 367 277 288 293 283 212 217 231 212 146 84 34 24 22 19 17 15 14 14 17 12 12 11 10 8 8 7 6 6 5 2 4 1 4 10 9 6 -32768 -32768 -32768 -32768 -32768 -32768 -32768 -32768 -32768 -32768 -32768 -32768 -32768 -32768 -32768 -32768 -32768 -32768 -32768 -32768 -32768 -32768 -32768 -32768 -32768 -32768 -32768 -32768 -32768 -32768 -32768
140 194 355 377 282 331 458 462 361 248 200 284 306 251 181 55 33 23 20 17 16 15 15 13 10 11 12 12 10 8 9 6 5 3 2 4 4 8 9 11 10 8 -32768 -32768 -32768 -32768 -32768 -32768 -32768 -32768 -32768 -32768 -32768 -32768 -32768 -32768 -32768 -32768 -32768 -32768 -32768 -32768 -32768 -32768 -32768 -32768 -32768 -32768 -32768 -32768 -32768 -32768
203 142 260 387 332 374 525 479 396 325 227 302 264 194 130 66 75 27 21 16 17 17 16 15 14 13 15 12 12 8 7 6 5 4 3 2 4 4 2 12 11 8 4 -32768 -32768 -32768 -32768 -32768 -32768 -32768 -32768 -32768 -32768 -32768 -32768 -32768 -32768 -32768 -32768 -32768 -32768 -32768 -32768 -32768 -32768 -32768 -32768 -32768 -32768 -32768 -32768 -32768
217 161 244 421 380 441 504 385 416 300 324 425 317 191 120 81 94 30 20 17 15 16 16 17 15 13 16 15 13 9 11 8 6 6 5 4 3 2 7 13 11 9 7 -32768 -32768 -32768 -32768 -32768 -32768 -32768 -32768 -32768 -32768 -32768 -32768 -32768 -32768 -32768 -32768 -32768 -32768 -32768 -32768 -32768 -32768 -32768 -32768 -32768 -32768 -32768 -32768 -32768
176 219 270 416 455 516 474 376 396 381 368 441 349 216 122 176 129 49 25 21 19 17 18 19 17 15 16 16 15 13 11 8 7 8 6 6 5 5 12 8 6 5 5 8 -32768 -32768 -32768 -32768 -32768 -32768 -32768 -32768 -32768 -32768 -32768 -32768 -32768 -32768 -32768 -32768 -32768 -32768 -32768 -32768 -32768 -32768 -32768 -32768 -32768 -32768 -32768 -32768
192 320 370 502 543 542 499 450 412 302 260 284 307 182 93 201 154 77 34 26 20 20 24 22 19 15 19 18 19 15 13 12 9 9 9 8 7 9 4 1 4 9 7 8 6 -32768 -32768 -32768 -32768 -32768 -32768 -32768 -32768 -32768 -32768 -32768 -32768 -32768 -32768 -32768 -32768 -32768 -32768 -32768 -32768 -32768 -32768 -32768 -32768 -32768 -32768 -32768
304 377 530 609 568 471 416 405 359 316 211 228 273 152 185 219 179 106 79 59 23 25 29 25 21 20 21 19 18 16 14 12 11 10 10 12 12 10 6 5 2 10 9 4 3 7 -32768 -32768 -32768 -32768 -32768 -32768 -32768 -32768 -32768 -32768 -32768 -32768 -32768 -32768 -32768 -32768 -32768 -32768 -32768 -32768 -32768 -32768 -32768 -32768 -32768 -32768
526 569 633 637 505 366 311 292 250 231 158 148 132 196 259 260 179 135 173 143 104 34 31 29 23 24 23 20 18 18 15 13 13 11 13 12 13 12 6 11 8 7 8 5 9 13 6 -32768 -32768 -32768 -32768 12 -32768 -32768 -32768 -32768 -32768 -32768 -32768 -32768 -32768 -32768 -32768 -32768 -32768 -32768 -32768 -32768 -32768 -32768 -32768 -32768
546 758 661 615 526 375 300 250 212 176 207 223 233 258 306 362 261 214 235 217 162 63 36 33 27 28 25 23 21 21 16 17 16 26 26 53 70 52 24 12 10 5 9 10 10 9 9 10 -32768 -32768 4 30 35 42 52 27 -32768 -32768 -32768 -32768 -32768 -32768 -32768 -32768 -32768 -32768 -32768 -32768 -32768 -32768 -32768 -32768
636 689 607 568 587 489 415 297 312 205 302 387 396 409 348 346 329 293 302 272 206 81 43 37 34 59 131 136 126 106 83 72 74 71 52 37 97 120 101 66 30 16 9 7 6 8 11 14 9 5 11 30 36 37 49 40 6 -32768 -32768 -32768 -32768 -32768 -32768 -32768 -32768 -32768 -32768 -32768 -32768 -32768 -32768 -32768
781 679 582 449 538 517 406 358 549 446 377 613 637 468 380 347 369 358 320 215 168 67 47 43 60 79 157 167 220 226 225 205 200 147 75 46 50 75 140 129 129 60 22 16 13 8 10 27 15 20 54 45 27 13 12 11 -32768 -32768 -32768 -32768 -32768 -32768 -32768 -32768 -32768 -32768 -32768 -32768 -32768 -32768 -32768 -32768
748 636 534 543 424 476 453 373 538 487 353 569 745 545 455 411 289 280 264 175 112 60 57 48 41 42 55 102 166 222 247 256 236 141 166 101 83 70 93 139 146 96 28 25 26 21 56 74 60 57 68 65 49 19 5 2 -32768 -32768 -32768 -32768 -32768 -32768 -32768 -32768 -32768 -32768 -32768 -32768 -32768 -32768 -32768 -32768
662 568 614 717 499 360 364 466 534 373 430 724 892 672 496 360 297 186 169 107 69 89 144 131 85 57 47 50 77 117 137 145 178 144 180 118 127 99 80 61 42 22 28 67 92 106 110 94 77 62 39 21 22 7 11 6 2 -32768 -32768 -32768 -32768 -32768 -32768 -32768 -32768 -32768 -32768 -32768 -32768 -32768 -32768 -32768
839 653 634 744 612 506 431 478 439 411 517 636 745 764 583 606 579 310 168 92 92 198 222 252 204 155 59 58 114 152 111 151 229 225 211 157 190 117 87 56 32 31 66 31 40 57 96 98 92 76 42 12 10 10 15 14 4 -32768 -32768 -32768 -32768 -32768 -32768 -32768 -32768 -32768 -32768 -32768 -32768 -32768 -32768 -32768
989 759 721 798 766 682 552 489 463 632 563 735 822 803 792 643 498 402 175 144 177 201 286 342 290 235 79 108 162 189 163 137 219 209 226 212 167 134 76 39 49 44 75 47 48 60 46 53 55 53 52 17 14 8 10 9 9 7 -32768 -32768 -32768 -32768 -32768 -32768 -32768 -32768 -32768 -32768 -32768 -32768 -32768 -32768
1004 921 861 794 864 840 587 441 498 762 761 717 853 992 910 709 603 367 130 150 270 219 336 332 265 157 83 122 141 168 191 142 160 177 235 295 250 170 145 126 96 92 144 132 89 66 45 35 25 31 64 20 11 7 7 5 8 12 3 -32768 -32768 -32768 -32768 -32768 -32768 -32768 -32768 -32768 -32768 -32768 -32768 -32768
879 852 805 764 744 775 557 560 648 825 980 866 1003 1008 1006 924 627 314 164 149 245 355 297 210 168 143 152 115 161 197 220 173 164 221 292 336 328 292 269 184 145 208 261 221 159 88 56 37 26 20 38 48 42 12 9 8 7 12 11 -32768 -32768 -32768 -32768 -32768 -32768 -32768 -32768 -32768 -32768 -32768 -32768 -32768
885 799 790 801 786 602 591 758 695 931 1124 1149 1205 1202 889 890 633 318 296 345 461 464 473 386 276 265 186 146 155 220 285 292 248 197 244 323 373 351 242 266 270 329 363 253 202 131 77 60 34 30 76 141 69 24 14 9 9 10 5 7 -32768 -32768 -32768 -32768 -32768 -32768 -32768 -32768 -32768 -32768 -32768 -32768
966 823 800 877 853 671 801 796 833 892 1248 1433 1518 1271 912 766 656 332 264 526 562 582 622 515 400 316 372 315 212 247 356 385 277 263 321 346 353 317 369 434 427 412 371 348 316 185 106 76 58 62 88 98 38 17 14 11 11 7 8 8 5 -32768 -32768 -32768 -32768 -32768 -32768 -32768 -32768 -32768 -32768 -32768
946 845 792 790 799 704 916 930 980 900 1175 1308 1477 1189 784 668 691 414 283 557 621 734 746 684 531 486 632 445 311 266 338 373 260 280 368 419 352 416 460 418 368 292 368 319 360 256 158 106 70 44 58 43 50 21 17 12 8 6 5 6 9 4 -32768 -32768 -32768 -32768 -32768 -32768 -32768 -32768 -32768 -32768
991 960 861 785 722 715 816 1072 1191 1136 1077 1086 1304 1081 715 538 629 365 272 520 625 875 918 847 642 591 732 581 567 398 353 391 372 355 346 432 402 431 377 285 268 242 249 205 233 227 155 66 48 76 109 76 83 49 36 34 17 8 9 12 11 10 -32768 -32768 -32768 -32768 -32768 -32768 -32768 -32768 -32768 -32768
1185 1179 995 878 810 710 808 947 1175 1082 1127 860 1020 826 632 605 548 574 274 422 644 747 928 1019 854 878 757 800 528 441 444 495 578 534 419 406 412 378 361 235 167 148 126 107 94 85 72 81 83 127 143 114 58 56 53 53 33 11 6 6 9 10 8 -32768 -32768 -32768 -32768 -32768 -32768 -32768 -32768 -32768
1277 1321 1130 916 852 766 790 972 1079 974 939 793 685 669 807 859 803 922 487 335 454 614 729 957 1084 855 778 722 580 632 556 615 658 537 479 429 363 308 317 225 202 220 189 173 133 169 167 140 85 111 172 131 67 78 78 65 34 20 9 8 8 5 8 8 -32768 -32768 -32768 -32768 -32768 -32768 -32768 -32768
